28965
53226
34549
17348
54744
54920
7972
56557
38713
48402
49484
27366
55962
4018
22337
36411
33670
48399
2187
16394
28666
31843
37333
44386
48945
11022
15917
1693
30158
27596
53828
45789
62452
40605
15375
40765
62990
36848
7498
4306
52290
41910
48452
22137
14491
28255
47280
30232
60834
36382
64698
56925
10
39663
34845
52385
9012
24449
53541
25758
11029
30982
64814
65341
54176
29686
46338
27988
3967
32832
60488
27844
19165
44275
30907
22671
58521
2442
39617
53523
13727
7878
21560
16199
31912
31242
34392
22143
59723
55587
44129
8808
24035
14670
47382
29854
47302
16219
10336
15614
